0100110011110111000
0101000001000010010
0101001110001101101
0101011011011000111
0101101000100100010
0101110101101111100
0110000010111010111
0110010000000110001
0110011101010001100
0110101010011100111
0110110111101000001
0111000100110011100
0111010001111110110
0111011111001010001
0111101100010101011
0111111001100000110
1000000110101100000
1000010011110111011
1000100001000010101
1000101110001110000
1000111011011001010
1001001000100100101
1001010101101111111
1001100010111011010
1001110000000110100
1001111101010001111
1010001010011101010
1010010111101000100
1010100100110011111
1010110001111111001
1010111111001010100
1011001100010101110
1011011101100010010
1011100110110110101
1011110000001010111
1011111001011111010
1100000010110011100
1100001100000111111
1100010101011100001
1100011110110000100
1100101000000100110
1100110001011001001
1100111010101101011
1101000100000001110
1101001101010110000
1101010110101010011
1101011111111110101
1101101001010011000
1101110010100111010
1101111011111011101
1110000101010000000
1110001110100100010
1110010111111000101
1110100001001100111
1110101010100001010
1110110011110101100
1110111101001001111
1111000110011110001
1111001111110010100
1111011001000110110
1111100010011011001
1111101011101111011
1111110101000011110
1111111110011000000
