0000000110011010001101011110011110101001101110000100
0000001101101110001000101110101110100101111110111101
0000010101000000001100011011001110100010001111110110
0000011100010000011000100100001110011110100000101111
0000100011011110101101001001101110011010110001100111
0000101010101011001010001011011110010111000010100000
0000110001110101101111101001101110010011010011011001
0000111000111110011101100100001110001111100100010010
0001000000000101010011111011011110001011110101001011
0001000111001010010010101111001110001000000110000100
0001001110001101011001111110111110000100010110111100
0001010101001110101001101011001110000000100111110101
0001011100001110000001110100001101111100111000101110
0001100011001011100010011001001101111001001001100111
0001101010000111001011011010111101110101011010100000
0001110001000000111100111000101101110001101011011001
0001110111111000110110110011001101101101111100010001
0001111110101110111001001010001101101010001101001010
0010000101100011000011111101011101100110011110000011
0010001100010101010111001101001101100010101110111100
0010010011000101110010111001011101011110111111110101
0010011001110100010111000001101101011011010000101110
0010100000100001000011100110101101010111100001100111
0010100111001011111000100111111101010011110010011111
0010101101110100110110000101111101010000000011011000
0010110100011011111100000000001101001100010100010001
0010111011000001001010010110101101001000100101001010
0011000001100100100001001001101101000100110110000011
0011001000000110000000011001011101000001000110111100
0011001110100101101000000101001100111101010111110100
0011010101000011011000001101011100111001101000101101
0011011011011111010000110001111100110101111001100110
0011100001111001010001110011001100110010001010011111
0011101000010001011011010000111100101110011011011000
0011101110100111101101001010101100101010101100010001
0011110100111100000111100001001100100110111101001001
0011111011001110101010010100001100100011001110000010
0100000001011111010101100011001100011111011110111011
0100000111101110001001001110111100011011101111110100
0100001101111011000101010110111100011000000000101101
0100010100000110001001111011011100010100010001100110
0100011010001111010110111100011100010000100010011110
0100100000010110101100011001101100001100110011010111
0100100110011100001010010011011100001001000100010000
0100101100011111110000101001101100000101010101001001
0100110010100001011111011100001100000001100110000010
0100111000100001010110101011001011111101110110111011
0100111110011111010110010110011011111010000111110011
0101000100011011011110011110011011110110011000101100
0101001010010101101111000010101011110010101001100101
0101010000001110001000000011001011101110111010011110
0101010110000100101001100000011011101011001011010111
0101011011111001010011011001111011100111011100010000
0101100001101100000101101111101011100011101101001000
0101100111011101000000100010001011011111111110000001
0101101101001100000011110000101011011100001110111010
0101110010111001001111011011111011011000011111110011
0101111000100100100011100011101011010100110000101100
0101111110001110000000000111101011010001000001100101
0110000011110101100101001000001011001101010010011101
0110001001011011010010100100111011001001100011010110
0110001110111111001000011110001011000101110100001111
0110010100100001000110110011111011000010000101001000
0110011010000001001101100101111010111110010110000001
0110011111011111011100110100011010111010100110111010
0110100100111011110100011111011010110110110111110010
0110101010010110010100100110101010110011001000101011
0110101111101110111101001010101010101111011001100100
0110110101000101101110001010111010101011101010011101
0110111010011010100111100111011010100111111011010110
0110111111101101101001100000011010100100001100001111
0111000100111110110011110101101010100000011101001000
0111001010001110000110100111101010011100101110000000
0111001111011011100001110110001010011000111110111001
0111010100100111000101100000101010010101001111110010
0111011001110000110001100111111010010001100000101011
0111011110111000100110001011011010001101110001100100
0111100011111110100011001011011010001010000010011101
0111101001000010101000100111111010000110010011010101
0111101110000100110110100000011010000010100100001110
0111110011000101001100110101101001111110110101000111
0111111000000011101011100111011001111011000110000000
0111111101000000010010110101011001110111010110111001
1000000001111011000010011111111001110011100111110010
1000000110110011111010100110111001101111111000101010
1000001011101010111011001010001001101100001001100011
1000010000100000000100001001111001101000011010011100
1000010101010011010101100101111001100100101011010101
1000011010000100101111011110101001100000111100001110
1000011110110100010001110011101001011101001101000111
1000100011100001111100100100111001011001011101111111
1000101000001101101111110010101001010101101110111000
1000101100110111101011011101001001010001111111110001
1000110001011111101111100011101001001110010000101010
1000110110000101111100000110101001001010100001100011
1000111010101010010001000110001001000110110010011100
1000111111001100101110100010001001000011000011010100
1001000011101101010100011010101000111111010100001101
1001001000001100000010101111001000111011100101000110
1001001100101000111001100000011000110111110101111111
1001010001000011111000101110001000110100000110111000
1001010101011101000000010111111000110000010111110001
1001011001110100010000011110011000101100101000101001
1001011110001001101001000001001000101000111001100010
1001100010011101001010000000011000100101001010011011
1001100110101110110011011100001000100001011011010100
1001101010111110100101010100001000011101101100001101
1001101111001100011111101000101000011001111101000110
1001110011011000100010011001111000010110001101111110
1001110111100010101101100110111000010010011110110111
1001111011101011000001010000111000001110101111110000
1001111111110001011101010110111000001011000000101001
1010000011110110000001111001101000000111010001100010
1010000111111000101110111000101000000011100010011011
1010001011111001100100010011110111111111110011010011
1010001111111000100010001011110111111100000100001100
1010010011110101101000100000010111111000010101000101
1010010111110000110111010000110111110100100101111110
1010011011101010001110011110000111110000110110110111
1010011111100001101110000111010111101101000111110000
1010100011010111010110001101010111101001011000101001
1010100111001011000110101111110111100101101001100001
1010101010111100111111101110100111100001111010011010
1010101110101101000001001001110111011110001011010011
1010110010011011001011000001100111011010011100001100
1010110110000111011101010101010111010110101101000101
1010111001110001111000000110000111010010111101111110
1010111101011010011011010010100111001111001110110110
