1001010001001000101
1001001100111101100
1001001000110010010
1001000100100111001
1001000000011011111
1000111100010000110
1000111000000101100
1000110011111010011
1000101111101111001
1000101011100100000
1000100111011000110
1000100011001101101
1000011111000010011
1000011010110111010
1000010110101100000
1000010010100000111
1000001110010101101
1000001010001010100
1000000101111111010
1000000001110100001
0111111101101000111
0111111001011101110
0111110101010010100
0111110001000111011
0111101100111100001
0111101000110001000
0111100100100101110
0111100000011010101
0111011100001111011
0111011000000100010
0111010011111001000
0111001111101101111
0111001011100010101
0111000111010111100
0111000011001100010
0110111111000001001
0110111010110101111
0110110110101010110
0110110010011111100
0110101110010100011
0110101010001001001
0110100101111110000
0110100001110010111
0110011101100111101
0110011001011100100
0110010101010001010
0110010001000110001
0110001100111010111
0110001000101111110
0110000100100100100
0110000000011001011
0101111100001110001
0101111000000011000
0101110011110111110
0101101111101100101
0101101011100001011
0101100111010110010
0101100011001011000
0101011110111111111
0101011010110100101
0101010110101001100
0101010010011110010
0101001110010011001
0101001010000111111
0101000101111100110
0101000001110001100
0100111101100110011
0100111001011011001
0100110101010000000
0100110001000100110
0100101100111001101
0100101000101110011
0100100100100011010
0100100000011000000
0100011100001100111
0100011000000001101
0100010011110110100
0100001111101011010
0100001011100000001
0100000111010100111
0100000011001001110
0011111110111110100
0011111010110011011
0011110110101000001
0011110010011101000
0011101110010001110
0011101010000110101
0011100101111011011
0011100001110000010
0011011101100101000
0011011001011001111
0011010101001110101
0011010001000011100
0011001100111000010
0011001000101101001
0011000100100001111
0011000000010110110
0010111100001011100
0010111000000000011
0010110011110101010
0010101111101010000
0010101011011110111
0010100111010011101
0010100011001000100
0010011110111101010
0010011010110010001
0010010110100110111
0010010010011011110
0010001110010000100
0010001010000101011
0010000101111010001
0010000001101111000
0001111101100011110
0001111001011000101
0001110101001101011
0001110001000010010
0001101100110111000
0001101000101011111
0001100100100000101
0001100000010101100
0001011100001010010
0001010111111111001
0001010011110011111
0001001111101000110
0001001011011101100
0001000111010010011
0001000011000111001
0000111110111100000
